0000000000001000000000100000000010000000001111100000100001000010000100001000010000111110000000000000 00 100
0000000000000000010000000001000000000100000111110000100001000010000100001000010000011111000000000000 00 010
0000000000000001100000001001000000100000001111100000001000000000100000000010000000001000000000000000 00 001
0000000000001000000000100000000010000000001111100000100001000010000100001000010000111110000000000000 00 100
0000000000000000010000000001000000000100000111110000100001000010000100001000010000011111000000000000 00 010
0000000000000001100000001001000000100000001111100000001000000000100000000010000000001000000000000000 00 001
0000000000001000000000100000000010000000001111100000100001000010000100001000010000111110000000000000 00 100
0000000000000000010000000001000000000100000111110000100001000010000100001000010000011111000000000000 00 010
0000000000000001100000001001000000100000001111100000001000000000100000000010000000001000000000000000 00 001
0000000000001000000000100000000010000000001111100000100001000010000100001000010000111110000000000000 00 100
0000000000000000010000000001000000000100000111110000100001000010000100001000010000011111000000000000 00 010
0000000000000001100000001001000000100000001111100000001000000000100000000010000000001000000000000000 00 001
0000000000001000000000100000000010000000001111100000100001000010000100001000010000111110000000000000 00 100
0000000000000000010000000001000000000100000111110000100001000010000100001000010000011111000000000000 00 010
0000000000000001100000001001000000100000001111100000001000000000100000000010000000001000000000000000 00 001
0000000000001000000000100000000010000000001111100000100001000010000100001000010000111110000000000000 00 100
0000000000000000010000000001000000000100000111110000100001000010000100001000010000011111000000000000 00 010
0000000000000001100000001001000000100000001111100000001000000000100000000010000000001000000000000000 00 001
0000000000001000000000100000000010000000001111100000100001000010000100001000010000111110000000000000 00 100
0000000000000000010000000001000000000100000111110000100001000010000100001000010000011111000000000000 00 010
0000000000000001100000001001000000100000001111100000001000000000100000000010000000001000000000000000 00 001
0000000000001000000000100000000010000000001111100000100001000010000100001000010000111110000000000000 00 100
0000000000000000010000000001000000000100000111110000100001000010000100001000010000011111000000000000 00 010
0000000000000001100000001001000000100000001111100000001000000000100000000010000000001000000000000000 00 001
0000000000001000000000100000000010000000001111100000100001000010000100001000010000111110000000000000 00 100
0000000000000000010000000001000000000100000111110000100001000010000100001000010000011111000000000000 00 010
0000000000000001100000001001000000100000001111100000001000000000100000000010000000001000000000000000 00 001
0000000000001000000000100000000010000000001111100000100001000010000100001000010000111110000000000000 00 100
0000000000000000010000000001000000000100000111110000100001000010000100001000010000011111000000000000 00 010
0000000000000001100000001001000000100000001111100000001000000000100000000010000000001000000000000000 00 001
0000000000001000000000100000000010000000001111100000100001000010000100001000010000111110000000000000 00 100
0000000000000000010000000001000000000100000111110000100001000010000100001000010000011111000000000000 00 010
0000000000000001100000001001000000100000001111100000001000000000100000000010000000001000000000000000 00 001
0000000000001000000000100000000010000000001111100000100001000010000100001000010000111110000000000000 00 100
0000000000000000010000000001000000000100000111110000100001000010000100001000010000011111000000000000 00 010
0000000000000001100000001001000000100000001111100000001000000000100000000010000000001000000000000000 00 001
0000000000001000000000100000000010000000001111100000100001000010000100001000010000111110000000000000 00 100
0000000000000000010000000001000000000100000111110000100001000010000100001000010000011111000000000000 00 010
0000000000000001100000001001000000100000001111100000001000000000100000000010000000001000000000000000 00 001
0000000000001000000000100000000010000000001111100000100001000010000100001000010000111110000000000000 00 100
0000000000000000010000000001000000000100000111110000100001000010000100001000010000011111000000000000 00 010
0000000000000001100000001001000000100000001111100000001000000000100000000010000000001000000000000000 00 001
0000000000001000000000100000000010000000001111100000100001000010000100001000010000111110000000000000 00 100
0000000000000000010000000001000000000100000111110000100001000010000100001000010000011111000000000000 00 010
0000000000000001100000001001000000100000001111100000001000000000100000000010000000001000000000000000 00 001
0000000000001000000000100000000010000000001111100000100001000010000100001000010000111110000000000000 00 100
0000000000000000010000000001000000000100000111110000100001000010000100001000010000011111000000000000 00 010
0000000000000001100000001001000000100000001111100000001000000000100000000010000000001000000000000000 00 001
0000000000000001100000001001000000100000001111100000001000000000100000000010000000001000000000000000 00 001
0000000000000001100000001001000000100000001111100000001000000000100000000010000000001000000000000000 00 001
0000000000001000000000100000000010000001001111110000100001000010000100001000010000111110000000000000 02 100 
0000000000000000010000000001000000000100001111110001100011010110000111001000010100011011000000000100 10 010 
0000000000000001100000001001000000100000001111110000001000010000100000000010000000001001000000000000 03 001 
0010000000001010000000101000000001000100001111000000100001001010000110001000010000111100001011001000 14 100 
0000000000000000010000000001001001000100000110010000000011100010000100000010011010010111010000010000 14 010 
0010000010010001100010011001010001100000010011110100001110000100100001000011000000001010000100000010 20 001 
0000110000001000100001110000000110100001010011100001110101011010010101111000000100111011000000011000 26 100 
0010100101010010011110000001111101000111000110100000100111000010001000001011110010010101100000000100 30 010 
0010100000100011100100011001001010100100000101100010011010100000101000000010001110001010000010001001 23 001 
0000000000001000000000100000000010000000001111100000100001000010000100001010010000111110000000001000 02 100 
0000000000001000010000000001000000000100000111110000100001000010000100001000010000011111000000000000 01 010 
0000000000000001100000011001000000100000001111100000001000010000100100100011000000001000000000000000 05 001 
0100100100001100000100100000000011000000001111101000100101001010000100001000011100111111100001000000 14 100 
0000000001000000010000000010000000000110000111110100110001001011000110001001010100011111000000000000 11 010 
0000000010000001100100101001011001000000011101100000101100000000000000001010000000101010000001000000 16 001 
1100000000101011110011110000001110000011101101100000100001001110000110001000010001000110100101010000 27 100 
0010000011001000111111000000100001010101100111010000010101001000011110011000010101111110000000000100 30 010 
0000011000000010001110010011101001000100011101100000001000100010001000100010001000001000001100010001 28 001 
0000000000011000001000100000000010000000001110100000100001000010000000000000000000111110000000000000 06 100 
0000000010000000010000000001100000100100001111110000100011000010000100001000010000010111000000000000 06 010 
0000000000000001100000001001100000100000001111110000001001000000100000010010000010001000000000000000 05 001 
0010000001000000100010100000010010000000001111101000000001000000000000001010011101101000000000001110 20 100 
0000010000000000010000000001000000001010001111110001100101000010111100001011000000011110100000000000 15 010 
0001000000000110000010001001000000100010001110100000001001000001110000001010000000011001000000000000 14 001 
0000111010001000011000101000011010000000001111110010000001110000100101101001010001111011000100100100 25 100 
1000000010100001100101000000100100000101000111011001001001000011010100011000010000110110001110100000 27 010 
0011000000000101100001000001100000100001010100100001001000101000100011100010000000001100100000000011 21 001 
1000000100001000000000100000000010000000001111100000100001000010000100001000010000111110000000000000 02 100 
0000000000000100010000000001000000000100100111110000110001000110000000001000010000001111000001000000 07 010 
0000000000000001000000001001000000100000001111100000001000000000100010000010000000101000000000000000 03 001 
1000000000001010100000100000000010000000101110100000110001000010100101001000010000111111001001001010 13 100 
0000010000000000000000000001000000000101100111110000001001001010010110001000110010011010100000000100 15 010 
0000000011000000010000000001010000100000011001000001001000000000101100010000000000001001001000001000 19 001 
1000001000001110011010100100101110101000111111111001000011010010000110001100010001011110000000100011 28 100 
0000000101100000010000011101010010001000000111100100101000000010010100001000011110011001100000000000 21 010 
0111100100000101100001001000100010100010001111100001001100100010100000010010110000100000011010101010 26 001 
0000000000001000000000100000000010000000001111100000100001000010000100001000010000111110000001000000 01 100 
0000000000000000010000000001000000000100000111110000100001100000000110001000010000011111000100100000 05 010 
0000010000000001100000001001000010100000001011100000001000000000100000000010000000001010000000000000 04 001 
0010000000001000000100100100001010000101001111110000100001000010001110001101010000011011000000000000 14 100 
0001000001010000000000000001000000000110100111110000110001000010000000001000000000011111000010001000 11 010 
0010000010000001110110000001100000100001000111100010000010000010100000000000000000001000010100100010 18 001 
0100000000000100011110110010000010100010001111100100101001100000100110000000101000110111000000110000 25 100 
0000000000000000111010010001010001100000000010110000010011000010010000010000000010011111011010000100 23 010 
0010000100000010110010001100100000100000001110001000000000101101111000000110000000000001100100000001 25 001 
0000000000001000000000100010100010000000101111100000100001000011010100001010010010111110001010000000 09 100 
0000000000000000010000000001000000000100000111110100100001000010000100001000010000011111000000000000 01 010 
0000000000011001100000001001010010101000001111100000000000000000100000010011000000000000000000100000 10 001 
0010000100001010000000110000000110000010001111100110100001000010010110001001010001111110000010000000 13 100 
0000010000010011010011100001010000000011000011111000101001100010010100001000010000101111000000000000 18 010 
0000000000001101100000000001000000100000001111000100001001000000100000000010000001001010000110010000 11 001 
1111001100001010000100000100001001000011010111100000000000100010000100100010011001011110000100010000 28 100 
0000001001000000010011010101010010000000100111010000100001001010000110000000011011111100001001001000 23 010 
0111000000000001100001000001110001000000001111100000100000011010101000100110100100011001001001011011 27 001 
0000000000001000000000100001000110000001001011110000101101001010000100001000010000111110000000000000 08 100 
0000000000000000010010100001000000001101010111110000100001010000000100001000010000011111000000000000 07 010 
1000000000000001101000000001000100100000001111101000011000000001100000000010000000001100000000000000 08 001 
0110000100001000100000100010001010001010000111100000100100010000000101001000010000111110000000000010 15 100 
1001100000000100111110100001000000000110100110110000100001000011000100001000011000111001000100001000 19 010 
0100000000010000110001001001000001100001001101100000001000001000100000100011000000001001000000001100 14 001 
0100000000001010000101100001101110100110011101100000100101000011110100011001000000011010001000001000 24 100 
1010000000010100010110000011000011100100000111110011110011011010110100001101010100011111000100011010 25 010 
0000011010101001111000000011101010100000000110101000001010000000000101000000100010001010100101000000 26 001 
0000000100001000000000100000000110000001001111100000110001010010000100001000010010111100000000000010 08 100 
0000000000000000010000000001000000000100000111110000100001010010000100001001010000011111101000000000 04 010 
0000000000000001100000001001000000100000001111100000001000000000100001000010000000001001000000000010 03 001 
0000001000001101000000111000000110100000000111100000000101000010000101010000010000111100010000000001 16 100 
0010000000001110000001100001000100000110000011111000110001100010000000101001010000011111000010100000 18 010 
0010010100110001110000001011000000100000001101000010001101000000100100100000000000001000000000001000 16 001 
1110000010011000010101101010110100100010010011101000100101011010000100011001010010101110001010001000 30 100 
0100001010000000000010000000010000000001100111101000000011001010000101001011110000101101100011101100 28 010 
1000001010000000100100001001000000110000011111001001001111010000100010000110000010000110001110000000 23 001 
0000001010101000000000100000000010000000011111100000100001000010000100011010000000101110000000000000 08 100 
0000010000000010010000000111100000000100000111111000100000010010000100001000000000011111000000000000 09 010 
0000100101000001100000001001000000100010001111100000001000001010100000100110000000000000000000000100 10 001 
0000000000001000100000001110000000000000001111101100100001000010000100000000010000111011001000010000 13 100 
0000000000001000001010000011000001000100000111010000100101000010010100001000010000011111100000110000 12 010 
0000100100000001100000011001000100100000001111101000001000000000100010000010000000000010000000101010 11 001 
0110110001000101001000100101010000000000111110100000111001010010101100001100110010111110000000100000 25 100 
0001100000010100011000011010000010001101011110110010001011000010100100001000011100000111000110010001 28 010 
1000000000000011011010001101000000101000001110000000000000001000100010000000100111000000001001010000 22 001 
0000000100001001000000100000000010000001000111100001101001000010000100001000111001111110000000000000 09 100 
0000000000000000010000000001000000000100000111100000100001000010000101100000010000011111000000100000 05 010 
0000100000000001110000001001000000100100001111100000001000000000100000000010000000101100000000000000 05 001 
1000000000001100000000100000000010100100001110100000111001001010000100011111110000111010000000100000 15 100 
0000100000000010010000000001000100000111000111111001110001000110000100101000011000011011010100000101 16 010 
1000000000000001100010001101000000000000111011100000001000000001100000000000000000001000000001010000 11 001 
1010101000101000010100101000010000001000011111100100000001000010101010001000110111101111101100000100 28 100 
1000000000000110110110000001010001001100100111110100111001110011001101100010101001011110000000010000 27 010 
0011001000101001110001001010010001111111111111101001001000000010100100101011100011001000001010000000 30 001 
0000000000001000000000100000000010100000001111100000100001000010000100001000010000111110000000000000 01 100 
0000000000000000010000000001010000000100010111110000100011001010000100001100010000011111001000000000 06 010 
0000000000000001100000001001000000100000001111100000101000000000110000000000000000001000000000000000 03 001 
0000000000101000000000100000000011000010001011110010001001000010100100001010110000010110000000000100 14 100 
0000000000000100011000010101100001100000000111110001100000010010001100101000010000010110001011010000 19 010 
0100101000000101101000001111000010100000000111101000011000000000100100000010000000000010100001000000 16 001 
1010001100101001110000100000100000000000010111110000111001100100010100001000110011000110110100001000 29 100 
0010001100000000011000000111101010010000101111111100101001010110011100011010100001111011000010000010 29 010 
1001110001010011110100111001110000101000011110110000000000000001100001001011100001101001000000100010 28 001 
0000010000001000000000100000000000000000001011100000100001000010000100001000010000111110000000000000 03 100 
0000000000001001010010000001100000001101000111110000100001000010001100011000110000011101000000000000 10 010 
0000000001000001100000001001100000100000001111110000001000000000100000001010001000110000001010000000 10 001 
0001110000011001000001101100000100000100001110100000100001000010001100001000110000101111000011010000 19 100 
0010000000000000010101001101001000010100000111110000100001011010000100011100010000011111000100000000 12 010 
1000010000000001100000001000100000110000001111011000001000001010100000000010010010000000001000100010 16 001 
0000000100001100000110100001010010100010111101010001100000010110001110100000000000111110000100001000 24 100 
0000000000100110110000000001001000001100000101110000100101010101000110101000001010111111000001100001 21 010 
0001000000000110100010000101000101100101011011110010001010100000100100000011010001001010101001100000 26 001 
0000000000101000000000100000000011000000001111100000110100001010000000001000010000101100000000000000 09 100 
0100000000000001010000000101000001010100000111110001100001000010000100001000010000111111000000110100 10 010 
0000000000000001100000001001000000100000001111100000001010000011100000000010000000011000000000000000 04 001 
0000001000001000000110100010010000001011001111101000110000010010001100001011110010111110000000000000 18 100 
0001010010001000110001010001000100010010000110110000100001000010000101100000011010011101000000001100 20 010 
0010010000000001100000101001000000010001001111110100001001010000100000001100010000000000000000000000 15 001 
1110001010001000100000100000101010100000101111001000100001011010001110001010110110111110000000001100 22 100 
1100000000100000010011100011110001000100000011001010110000001111100100101001110001000111000000000000 27 010 
1100000100000000000000001111000001100010011011100100001101101100111001001111000000000000000000000100 25 001 
0000000000001000000000100000000010000000001111100000100001001010000100001000010000111110000000000000 01 100 
0000000000000000010000000001000001000100000110110000100000000010100100001000011000011111000000000000 05 010 
0001000000000001100110001101010100000000001111100000001000001000100000000010000000001000000001000000 09 001 
0010000000001100000000101001000010000010011111100000100001000000010100001001000000111110000000000011 12 100 
0010100001010010010000000001000011001001100111010000100100000100000100001000010010011111010010000100 20 010 
0000100010000101000000001001000010100000000111100000001100000001100000000111100000001010000000000001 13 001 
0000010100001000100000001100101110100001100111110000101011000010000100011000010001111111010000000010 21 100 
0001011100000000010000000011000011100110000011110000001100000001010000000000010000000110010010100110 27 010 
0100110000100101110000001000000000011100001101100101010000101000100011000010100100100000000110100001 28 001 
1000001000001000000000100000000110000000001111000000100011000010000100001100010000111110000000100000 07 100 
0000000000001000010100000001000000000101000111110000100001000010000101001000010000011111000010100010 07 010 
0000100000000001110000001001000100101000001111100000011100000000100000000010000000000000000000000001 08 001 
0000011000001011000000101100100010000000001101101001100001000011000100001001010001111110000000000100 14 100 
0000000000000110010000000101010000010110100111110000100001000010000100101101010000111011000000001100 14 010 
1000000110000001100000000101000000101100101011100000001010000000100000000010100000001100000100000000 13 001 
0000101100011001001010101010000000001100001111000000100000010011000101110001010100110110000010001000 25 100 
1000001000001010011000010011001110101101001111010001100001101010010100101001010000010111000000000001 23 010 
0100000000000101100000111000000000100000101011100100010011100001111000010010100010001010000011001000 23 001 
0100000000111000001000100000000010000000001111100000101001000010000100000000010000111100000000000000 07 100 
0000000000000000010000000001000000000100000111110000100001000010000100001010010000011111000000000000 01 010 
0000000000000101100000001001000000100000001111100000001000000000100000010010000010001001001000000000 05 001 
0000000000001000100000100100101110001000001110010001100001001010000100001100110000111110110000000000 15 100 
0000000000010000010011100000000000000110000111110001100111000010000100000001010000111101000000000010 14 010 
0001000100000001100000000001000000110000001110000000001000000000100000000000000000100000000010001000 11 001 
0001000001111110000110100000000011010100010101000110100101000011000010001110111000001110000001001100 30 100 
0001000000001000011111010001100101000100100000000100110100100010000101001011010010111011000000110010 30 010 
0001110000100001100010001001000100110101001111100001001010101001111010000100010001100000100010000100 26 001 
0000000100001000000000110001010010000001001111100100100001000110000100001000010000110110010000000100 10 100 
0000000000000000010000000001000000000100000110110000100001000010000100001000010000011111100000000000 02 010 
0000000101000011100000001001000000100100001111100000001000100000000000000010100000101100000000000000 09 001 
0100000010001000001000100010011010000100101111110100110011000010000001101000010001111100000000010001 19 100 
0010100000100100010000000001100000000100000101110000111001100010100100011000000000111111000000000001 14 010 
1110001010000001100010001011000000101000101111100001101000000000000001010010000000000000000100000010 17 001 
1000000000101000111011001000001110000010001110000001000101100001001101000000010010111100110000010101 30 100 
0000001000000000010100000011111100100100010111110101111010100010110000001100010000011111000010010011 24 010 
0000101101111001100001010001000000000000001111000000000010000000111000000010000010011101010000001010 23 001 
0000000000101000000000101000000000000000000111100000100001000010000100001100010000111110010000000000 06 100 
0000000000100000010000000001000000000100000101110000110000100110000100001000110000111111000000000000 08 010 
0000000000000011100000001001000000100000001111100000001100010000100000000010001000000000000000000000 05 001 
0011100010000000010000101000010010010000001111110010110001000111000100001000110000111110000000001101 18 100 
0001100000000000011000010001000000100101000011110010110000100010010100001000010010001111000000000000 14 010 
0010000100000001101000001001001011100000011111100010001000000001001001110001001100011000000000010000 20 001 
1100010101001101000000000000001010001000011101100000010001000110011010000001001000101010011010000100 29 100 
0001000001001000010011100101000101100010000101110010001011000010010000100010010001011111000000000000 23 010 
0110011000000001100000011001000001111000000111100000001100000000100100001000110100001100101100000001 21 001 
0000000000001000000000100000000010010000001101100000100001000010000100001000010000111110000000000000 02 100 
0000000000000000010000001001000000000100000111110000100001000010000110001100010000011111000000000000 03 010 
0000000001000001100100001001000000100000001011100010001000000000110001000010000000001000000000100001 08 001 
0000011000001000001000100100000010000000001111100101100001001011000110000000010000011110000010000000 12 100 
0000000000010100010010000001000000000101000011110000100001100010000100001000010000010111001000000111 11 010 
0100000000000001110000001001001010100010001011100001001000000000110000100010000001001000000100100000 12 001 
0010001100000000000110100010000110000101110110111000100001100010100100101001111011111110011000001100 28 100 
1010001001100000010010000011010000101010000111111000111101000010000000000100101001111111000101001001 28 010 
0100000000000000100100011011100010100010001011010001011000000000110000110010000001001001101100011000 23 001 
0000000000001000100000100000010010100000001111100001100001000010000100001000010001111110100100000001 08 100 
0000000000000000010000000001000000000100000011110000100001000010000100001000010000011111000000000000 01 010 
0000000000000001100000001001000000100000001111100000001000001000100000000010000000001000000000000000 01 001 
1010000100001100000001100000000110000000001111100001100101000010010001001000010000111110011000000000 13 100 
0000100000010000010100000001010101100000001111110001100001001110000100100000110000011111000000000001 16 010 
0010001001000011100000000011000001100100101111100001000100000000100010000010101010001010010000000000 18 001 
1000010001011000110001001010010000000001011111100000100001000011010110011000010001011111000000000101 23 100 
0011001001100101111110010000000000010100000101010000100001000010000100001100010010011110000000001010 21 010 
0000000001000101100000001001011000010011111101000100001000000000100011000010001110000110001000101000 24 001 
0000000000001000000100100000000110001000101111100000100001000010000100001000010000111110010000000000 05 100 
0000001000000000010000010101000000000100000011110000000000000010000101001010010000011111010010000000 10 010 
0000000000100011100000001001000000100000001111100000001000000000100000000010000000001000000000000000 02 001 
0001000000011000001001110000000011100001101111110000100100001010000100001000010000011110000101010000 17 100 
1000000100010000000000000101000100100100010111100000100001000001000100001000101001011111011000000100 18 010 
1100010100001001100100001101000000100010001111111000001100001001100000000011000000001000000000100000 15 001 
1100001000000001010000101100000011000001101110100001100100111110100011101100111100100110000000000000 30 100 
0001010000000001011000100101000110100110000111100001000001000000010100000100110000011111010001101010 23 010 
1001010000110000000010001011000000100110000111100001001001100010000010000011000001000101011000101000 27 001 
0000001000001000000000001100000010000000000111100000100001000011000000001000010000111110001000000000 08 100 
0001000000000000010000011001000000000100000111010000100001100010000100001000010000011111000000000001 06 010 
0000000010000001100000010000010000100000001111100000001000000000100000000010000000001000000000000000 05 001 
0110000000001000000000100000011000000100001111101000100111001010100101001101010000001111100000000000 18 100 
1000101000000000010000110001000000001100010111110000100101000010001010100000110000010111000000010000 16 010 
0000001010001001110000001100011000100001001111100110001100000000101000000010000000100000000100010001 18 001 
0000000010001010000000100001001110000011000110100000100011001011101101101010001010101100010000010010 25 100 
0010000010100000010000010010010100010011001111010001100001010011000000010001010010011100000000100100 26 010 
0000110110110111100000100001011000100100011111000001001000000000101000011010000001000000000000000100 22 001 
0000000000001000000000100000000010000000001111101000100001000010000100001000010000111110000000000000 01 100 
0001000000000000011000000001000000000100000111110000000001100010000100001000010000011111000000000000 04 010 
0001000000000011000000001001000000100000011111100000011000000000100010100010000000001000000010010010 10 001 
0000000000001010000000100000000001000000011111010010000001001110100101011000010000111110000000000000 13 100 
0000000000000100010001000001000100000100000111110100110011011010000101000100010000011111000010000000 12 010 
0001000000000001100000001011000000100010000101100000001000101010100000110010000011001000010000000000 13 001 
1001000100010000000011101001000010100001001101100010100101100010000100111000000100001000100110010101 29 100 
1000110100000000011100010101000001000100001110110000100000000010000110101000110010111111001110000001 21 010 
1100001100110011110000011010010100100011101111100011110000111000100000000010001100000100000011000000 30 001 
0000000000001000000000100001000110000000001111110000100001000010000100001000010000110110000000000001 05 100 
0000000010000000010010000001000000000101000110010000000001000010000100011000010000100111000000000000 10 010 
0000000000000001000000001100000000100000001111100000001000000000100000000010000001001000010001000000 06 001 
0000000001000000001000110000010000001001100110100000100001000110000000011000010010111110010001001000 18 100 
0000000000000000010000110101001001000100000111110000010001000010010100101001101000111111010000100010 17 010 
0010010100110000100111001011000000100000001111000000001000000000110010100010011000101000000001001100 20 001 
0101100000011000100100100000110110100110001110101010110000001010000100100000000100111000000000000000 24 100 
0001000011000000110000101001010111100110001111111000100001010010000000010000010000000111000100000001 22 010 
0100001100000011100000010001000000101100101111111101001010000110110011000000000000011000001001000100 24 001 
1100000000001000000000100000000011000000101111100100101001001010000100001000010000111110000000000000 07 100 
0001000000000000010000000001000000000100000111110000100011000010001100001000001100011111100000000000 07 010 
0000000000000001100000001001000000100000001111100000001000000000100000100010000001000000000000000000 03 001 
0100000010000000000010100110000010000000001011100100100001000010100100001010010000110110000000000011 13 100 
1100000100001010010000000001001000000100000111110000100101000010000100010000001001011011010010001000 16 010 
0000100100000001100011001001000000100100000111000100001000011100100100000000000000001000000100000001 15 001 
1000000100001000000000110110010010011110011100101000000000001010000101000000010000110110011001010010 25 100 
1000100010010000010000000110101000000010000111010000100101010111110101011000011000111001010000101100 28 010 
0000000010000000000100011001000001100000110111000100001000010100111000100000010011001000001000000000 21 001 
0000000000001001000000100000000011000000110111100000100001000010000000011000010000110110000001000000 09 100 
0000000000000011010000001101000010000100000111110000100001000010001100001010010000011111000000000100 08 010 
0000000000000001100000001001000110101000001111100000001000000000100000000010000000001000000000000000 03 001 
0000000000100100100010100000101010001100001111101001100000000010000100001000010000110111101010000000 17 100 
1000000000000001010000000101000001000100001111110000100101010011000100001000010001010011000000100000 12 010 
0000000010000001100001110000000000100000011011001000001000000001100100000000011000001000010001010100 19 001 
1101001001001000110001100110000100010100001011101001100111000010000100111000010000111110010110001000 25 100 
1000001000000000001110010001010000100100101111111000000000100011001100001000010000001011000110000010 22 010 
0000000010000001010000001011011010100000001110100011001000100010100010000000111000000000001000000011 21 001 
0000000000001010000000010000000010000000001111100000100001000000000100011000010000111100000000000010 07 100 
0000000000000000010000000001000000000000000111110000100001000000000100001000011010011111000000000000 04 010 
0000000000000001100000001001000000100010001111100000001000000000100000000010000000001000000000000000 01 001 
0000100000001100000011100000000011010000001111100000100011000110000110111000010000111110000000001001 13 100 
1001000000010000110001000101000010010101000111110001100001000010000100001000010000011111010000011000 13 010 
0010011000001001000000001011000000100000000111101100101100000000100000101000010000001000001000000000 16 001 
0011001010001001000010000001000010001000001010000000100101001000000010000011010000000011011010001100 30 100 
0000001000001000011001000001000100000001000101010010101001000010001100001110010001001010110001010000 22 010 
0110010000000001011001001100110000100001000111000010000000010001101000000110000001001000010010101000 25 001 
0000000000001000000000100000000010000000001111100000100001000010000100001000010000111110000000010000 01 100 
0000000000000000010000000001000000000110000111110000100001000010000100001000010000011111000000000000 01 010 
0010100000100001100000001001000000100000001111100000001000000000100000000010000000001000000000000000 03 001 
1000000000001001101000100000000010000000001111000010100010000010000101001001010001011110000000000100 13 100 
0000000001000010010100010001100000100100001111110000100001000011000100000000011000011111000000000100 11 010 
0000000000000011101000001001000001001100001111100100001000000000100010001000000010001000010000000000 12 001 
0000100100001101111000100001011000110000000111100000100101001110001110001101000000011110001010000101 27 100 
1101001101000101111100000101100011001110100111100000101010010000000100001000110010011111011000000000 28 010 
0000010000001100000011000000000000000000111110100110001000001100101000100000000000001000000000000010 21 001 
0000000010001000000100100000000010000100001101100000000001010010000100001000010000111110000000000100 07 100 
0000000000000000010000000101000100100100000101110000100001100010000100001000010000011111010000001000 07 010 
0000000000000001100000001001000000000000001111100010001000000001100000000010000000001000000000100000 04 001 
0000000000001010000110100000000010010000001111100001100101000010000100000000010101111110000001000001 11 100 
0100010000100000010001001001000100000101000110111000101001100010000100101000010100011110011000010000 17 010 
0000001000000001000000001011101100100000001111110010010000001000100010000011101000001000010100000000 17 001 
0110100100010010000010110011110010000011011111000001100001011010000101111000001001111110100001000010 29 100 
0000101001000001101000000001000000101010011100110000100000000010010100000000010000011110010011010001 24 010 
1100011010000010101000101001000001110100101101100000001000000000100000101010110011001001100010001100 25 001 
0001000000001000000000100000100010000000000111100000100001000111010100001000010000111110000000000000 06 100 
0000000001000000010000000001000000000100000111110000100001000000000100001000010000011111001010000000 04 010 
0000000000000001100000001001000000100001001111100100001000000000100000000010000000001010000000001000 04 001 
0000000010001110001000100000000011000100001111100100100001000010101100001000010100011110001100000000 13 100 
0100000000001000100000000001000000000101000110111101100011000011000100000000010000111111000000110000 15 010 
0100010100011001110000001001000000101000001111110000101000010000100001011000000000000000000000001010 17 001 
0000101000001000000001100001000110100100011111100000110010001110110100001100010000101110101100000100 21 100 
0000000000000000010001011001110000000101001011000110110001100011010101001000011000010101100010100000 23 010 
0011010001000001110100011110100011100001001001110000011000011110110100010010010010101010000001000000 30 001 
0000010000001000000000100000000011000000001111100000100001000010000100000000010000111110000000000000 03 100 
0000000000000100010000000001000000000100000111110000000001100010010100001000011000011111000001000000 06 010 
0010000000000001100000100011000010100000001101100010001000000000000000000010000000001000000000000000 08 001 
0000100101001000000010100001000010000000011111101000100001000011001100001000010000101111000100000000 12 100 
0000100100000100010000000001000000000110110010100110100001000110100010001000010100111101000001000100 20 010 
1000000000001011000010010001000000100000001111100000001110000000100000000010000000001000000010001000 11 001 
1100101000011000100101100000011000000010001101100110100011100000000011000000100000001100001001000010 30 100 
0010111000000000110000000010100101011110100101101000100000000010100100111010010100111100100000100011 30 010 
0001000000100101110010001001000010011110010001100010000010100000101100000010100000001000000000000100 23 001 
0000000000001000000000100010000010000000101111100000100001000011000100011000010101111110000000000100 07 100 
0000000000000100010000000001010000000100000101110100100001000010000100101000010000011111000010100000 07 010 
0000000001000001100000001001000000100100001011100000001000101000100000000110000000001000000000000000 06 001 
0010000001101000000001100000000010000000000111100000110100100111100110001010010100110110000000000100 17 100 
1000101000000000010000000001010100000100000111010000100001001000010000000110001100111111000001000000 18 010 
0010000010000100101000101001000100000001101110100100001000000000100000000010000100000000100000000000 15 001 
1000000001001000101001000101001000001101000110101000100001000000010111000000011001111101001000010010 28 100 
0010010000000011011001001000011100000010100011010100101001001001000001001000010000011011100110000011 29 010 
0100000100000001000010010011100000110001011101110010000001100000100000000010000001001001000001010001 22 001 
0000000010001000000000100000001010000000001111100000100001000010000100001000010000111110000000000000 02 100 
0000000000000000010000010001100000000100000111111000100001000010000100001000010000011111000000000000 03 010 
0000000000000011100000001101000000100000001010100000001100000001100000000010010000001000000000010000 08 001 
0010011100001101000000101000000010000000001011100001100001010110100100001000010010111110001000001000 15 100 
0100010000000000000000011111000000000100000011110000100001010010000100001001110100011101000000001000 14 010 
0000100000000000100000001011000010101000001101101000011011000000100000001010000000001011011000001100 17 001 
0000010101001100000100100110000011000001101111110000100100001110001110111000010101010110100011100100 28 100 
0000010110100000000000010101100010000100100111101001101011000010000101001000100010011011001100000011 24 010 
0010011000001001100001000000100000100001001001111011011100001001000010100010001100001000000000000101 26 001 
0000000000001000001000000000001010000000001111100100100011000010000101001000010000111110000000000000 06 100 
1000110000000000010000000001000000001100000111110010100001000010000100001000010101111111000000000000 08 010 
0000000000001000100000001001000000101000001111100001001000000000100000000110000000001000000000000000 05 001 
1000000100101010000001100010000010000100001111100000100010000000000101001010011100111010010000000000 16 100 
0000001000001000010110000001001000001101000111111001101001000010000100000001011000011111000010000000 14 010 
0010000000000101100000001011100000000000000101101000001001000000100000000111000000001001000000000000 12 001 
0000000011001000001000100010101100000010000110111001100101111000000100001000010001011010000000100001 24 100 
1100110000001000010100000001010100000010000111111001100101000011000100101001010000000111100010001000 21 010 
1110000000001001100010001001001000100100001010001101011001001010100000001001011000000000101000010100 27 001 
0000000000001000000000100000000010000000001111100000100001000010000100001000110000111110000000000000 01 100 
0000000000000000010000000001010000000100100111110000100001001010000110001000010000011111000000000000 04 010 
0000000000000001111100001001000101100000001011100000001000000000111000010110000000001000000000000000 10 001 
0010000010011000000010100010100010000000001101100001100011000010000100101000010000111110000000011000 12 100 
1000000001000000010000000000000000000100000111100000101011000010000000001000010000011111000101100100 11 010 
0010000000000100110100011000100000100110001111100001001000000100100010000110000000010000110000000010 19 001 
0100110100001010101000000000000001000100011111100101100001101010000111000110001000111110000001101010 27 100 
0000001100100000111011010011110011000101111111110010100101100001000101101000010100011111000001000000 26 010 
0010100011100011111010001100001001010010001011010000001010000100100100001110001000000001010000000000 28 001 
0000000100001100000000100001000010000000001111100000100001100011000100001100010010111100000000000000 08 100 
0000000000000000010000100001000001000100010111110010100001011010000100001000010001011111100000000000 08 010 
0000000000010001100000001001000000100000001111100000001100000000100000001010000000001100000000000000 04 001 
0000000000011001000100110000010110000001001110100000000101000010000101011001010000101110000000000100 15 100 
0100000000101010101001000111000000000100000111110000100101001010010010101000000000001110000000000001 20 010 
0000111001010001000000101001000000110000000111100010001001010000110101000000000011001000010001000000 20 001 
0000100000011100000001110100010010001101011011110001110001000110011100011000010000111010000000001001 22 100 
0100011000000000010010011011100100000000001110111100100001001011001101111010010010111111100101010000 27 010 
0001000000101001010000001001101000000010001111101100010010000001110001101110000000001000000000100000 21 001 
0000000000001000000000100000010010010000000111101010101001000010100100101000011000111110000000000000 09 100 
0000000000000000010000000001000000000100000111110000100001000010000110001000010100011111000000000100 03 010 
0000000000000001100000101001000000100000001111100000001100000000100000000010000000001000000000000000 02 001 
0001000001001000000000100010010011000100001111001000110001000011000100001100000000111110010000101100 16 100 
1000000000010000010000000001001000010100000101101000100001000011000101001000011001011110010000010001 15 010 
0000000100000001100001101001010000101000001101100000001100001010100010000010000000010001010000100000 15 001 
0011000100011010000000110010000100000000001110101011110101000011010100101010101010001110000000001000 26 100 
0100100000001111010001001001000101010010100011110100111001000010011100000001110100001111000011000100 28 010 
1110100100001001111000011001011110100000101001101010000100010000110100000010000101000000110000000000 28 001 
0000000000001000000000100000000010000000001111100000100001000000000100101000010000111110000000000000 02 100 
0000000000000000010000000001000000000100000111110000100001000010000100101000010000010111000000000000 02 010 
0000100000000001100000001001000000100000001111100000001000000000100000000011000000001000000000000000 02 001 
0000000000001010001000100000000110000001001111100001101001000010100000011000010000111110000000100101 12 100 
1010010000000000010000000001001010000101000111110000100001000010000100001000010000001111001100010001 11 010 
0110101000000001100000001001000000100000011111100000001001000000101100100011100000001000011000001000 14 001 
1110010001001000010001100011000010001010000111100001111001010000000100001001011010111100001111100011 28 100 
1010000110000000010101100000000100010111010111110000100001100010000101001110110110011100001001101010 27 010 
0000111000100111100000001101011110000000010101100000001001000110100100000010101000100011000000100110 28 001 
0000000000001000001000110010000010100110001111100000100001000010000100001001010000111100000001000000 09 100 
0000000000000000010000000100000000000100000111110000100001000010000100001100010100111111100000000011 08 010 
0000000000000001100001001001000000100000001101000000001000000000100000000010010000001000000000000000 04 001 
0000101000001000000000100000010010000000001111100000100001000010000100001011110000111111000011010110 12 100 
0000001110010000010000101101000000000110011111110000100001000100001101001000110000001111000000000101 18 010 
0000000101000001101000101001000000100110001011100001001000000000110101001000100001001101000000000010 18 001 
0000010110101100010000000001101010001100101110100010110001011010100110000001111000100110000000000000 26 100 
1100001100010000010000001011000010101101101111001001100000001010100110101000010001011110010000000001 26 010 
0000001001110000110000001011110100110010101111110010101010100110110100000010000000111010100000010011 29 001 
0000000000001000100000100000000010000000001111100000100000000010000100001101010000111010000000000000 05 100 
0000000000000000010000000001000000000100000111110000100001000010000101001000010000011111000010000000 02 010 
0000000000000001100000001101000000000000001111101000001000000000101010000010000000011000000010000000 07 001 
0000000010001000101000100000000011100000001011001000001001000000000110001011010000111000001000010101 20 100 
0011000000000100000000000001100000000100000111111100100001000010000100001001011010011110000100000100 13 010 
0000000000001001100000010101100100100000001111110000101000100000100100000011000000001100000000010000 13 001 
0100111000010000001000001000001011000100011101100010100001101010000100011000011001011101000001000000 24 100 
1000000001010000011000101001000011001100110110110100000011000010000100101010010000110110100000111010 25 010 
0010000000010001110000001101000000000100001110101000101000100000101000100011000111001010110000001001 21 001 
0000100000001000000000100000100010000000001111100000100001000010000100001000010000111110000000000000 02 100 
0000010010000000010000000001000100000100000111100011100001000011000100001000010000011111000000000000 07 010 
0100000000000011100000001001000000100001001111100000001000000000100000000010000000001000000000000000 03 001 
0000000000011000100010000100000000000000001001100100100011000010110100001000010001111110010001000000 15 100 
1100000001010000011000000000010000000100000101011000100001000010000100001000010000011111000011000011 14 010 
0000000001000011100001001001000101100000001111100000101010101100100000000010000000001000100010010010 14 001 
0000000000010010010100000000011111010000001011100110100101100110101100001000110011100110000100111000 28 100 
1100100010100000011000010011000000000101010111010011100000000010010001001001111000110111010110100111 29 010 
0000011100100100110000001100001100001001011111110001101010000100100011010111100010001100101000000000 30 001 
0000000000001000001000100000100010000000001111100000100001000011000100001001010000111110000000000000 04 100 
0000000010000000010010000011000000000101000111110101100001000010110101001001010000011111000000000000 10 010 
0000000000000001100000001001000000100000001111100100001000101000100000100010000000001000000000000000 04 001 
1000001000011000100000110000000010000010001111100100010011000110100100000000010000111110010101000000 16 100 
0000010000000000110000000111000101100111000111110000100001001010000110001000010000011111000000000000 11 010 
0000001011000000100001001001010100101000100101100010001000000010110010000010000000000000000100000001 18 001 
1110000000001010001000111010000011010101000101100011101000100010000111011000000000111110000100000000 24 100 
1000101010110000010000001101010000000100010101110000100101010000010111001010100000111110000001000000 23 010 
1110000100000001110000011001000000101000001111000000110100100010100000100010000000001100011001000101 21 001 
0000000000011000000000100000000011010010001111100010100001000010000100011000010000111110000000100000 07 100 
0000000010000000010000000001000000000100000111110000101001000010000100001000010000011111000000000000 02 010 
0000000000000001100001001001000100101000001111100000001000010001100000000010000101001000000000000000 07 001 
0000000000001000000000010000100010000010001110111000100000000010000000001000010001111010000100000000 12 100 
0100000000101000011000000101100000000101010111010011110001000010000101001000011100011101000010000000 17 010 
0100000110000000110000101001000001100000010110110001001000000000000100000010010000001000000010000100 17 001 
0010001001001101000000100000001011100001001111110000110111000111010101000000110011110110010000000100 24 100 
0000101110000001010001000110100000001100100101110100100001010010001100001110000100000111010001010000 25 010 
1100000000001000000001001000101000110011000111100001100100000000100000000010101010101011100011010001 28 001 
0000000000001000000000100000000010000000001111100010100001001010000000011000010000111010000000000000 05 100 
0000000000000000010000000001000100000100000111110000100001000010000100001000010000011111000000000000 01 010 
0000000000000001100000011001000000101000001111100000001000000000100000000010000000001010000000000000 03 001 
0000001000001000000000100000000010001001001010000001100001100010000101000000111011010010000000000000 17 100 
0000110001100000010000000000001000001101000011110000100000010010110100011110010000100111000000100000 20 010 
0000000000000001100000101001000000100000000111100100001101100000100000000011000001100100001000010000 13 001 
0010000110111110010001100101001000001101001101101001100100000000000100001100110001011110001100100100 30 100 
0000000100000011010010100001100000010000010011000000100000000000100100111000111000011111100001001000 22 010 
1000101100000000100001001001000010111100010101110000111000000001101101000010010000010010010000001000 26 001 
0000001000101000000000000000000010000000001111100000100001000010000100001000010000111110000010000000 04 100 
0000100000010000010000000001000110000100000111110000100001000010000100001000010100011101010000000000 07 010 
0110000000100001100000001001001000100000001111100100000000000000100011000010000000001101000000000000 10 001 
1000000001001100010000100100000010100001001111100000100001001110000010001000010000011110000000000000 12 100 
0000000000101000010000000001100001100000000111110010100101000011100110101000010010011111010000100000 15 010 
0101000000000001101000001001010000000000001110100000101000000100000000000010001000001010000000000000 11 001 
0001100010001100010000100000001010001001111111101111000000100110101000001100011010110110001010000100 28 100 
0101100010000111010010001101001000100100001111110001100000000110100100011000010011011011000010010001 24 010 
0000010000000001000010001101000000100000101001001001000001000001110000001010000000100100000101010000 21 001 
0000000000001000000000100000000010000011001111100001100001100011001100001000010000111110001000100000 08 100 
0000000000000000010000000001000000000100000101110000100001000010000100001000010000011111000000000000 01 010 
0100000000000011100000001001000001100000001111100011001000000001100000000010000000001000000000000000 06 001 
0000100000010000000000110110001110010010001100100011100001000011000110001000010000100110000000101000 20 100 
0000000000000001010000100000000000001100000101110000101001000010000100001000001000011111011101000000 12 010 
0000101010000001000010001001011000100000001101100000001000010000100000000011000110001100000110000010 16 001 
1000110000101000100000110001000000000001011101001100100011010001000100001001010100110111000110110000 26 100 
0000010110000100011010000011001000000000010111100001100011000110100100001011011011000111111001100000 27 010 
0000000101001011111000001101001000100101001111100000101011001101000000110010000010100101001000110011 29 001 
0000000000001000000100100000000010000000001111100000100001000011000100001000010000111110000000000000 02 100 
0000000001000011010000000001000000000100000111110000000001000010100100001100010001011111000000000000 07 010 
0000000000000001000000001001000000100000001111100000001000000000100000000010000000001000000000000000 01 001 
0000110000001000100000000000000011000000011011101000111001000110001100001100010011110010000000001010 19 100 
1000010010100010010001000011000000100100100111110000100001000010000000001100011000111101010000110000 17 010 
1100100000001001100001001011101111110000100111100000001000001010100000000000000100001100001000000000 20 001 
1000000000011100100101100000001010000000001010100000110001010010001101001010010100111110001101011010 21 100 
0001000010000000010010100001000100110100000111101011100001000110000101100100010000010110000100000110 21 010 
0000100000000010101000001101000000100001001111100010010000010001000010010011000001010100010000010000 21 001 
0000100000001000000000100000000010001001001111100000100001000010000100001000010001101110000000010000 06 100 
0000001001000000011000000001000000000100000111110000100001000010000110001000010000011111000000000000 04 010 
0101000000000001100000001001000000100000001111100000001000000000100000000010000010001000000000001000 04 001 
0000000000001111100100100000001010000000001111100000100011000010000100001000010101011010000000000000 11 100 
0001000000010000010000001001000010010000000100010000010011001010000100001110011000011111100001000000 18 010 
1000010010000001100000000001100001100010001011100000001010110010100000000110000100101000001010000100 18 001 
1000000100001111110100100000100011000110001111100101100001000110001111001101010000001100010000000011 26 100 
1000100000000001110000101000000010001100010001011010000000110110011011001000011010001111000000001010 30 010 
1101000101000010100100001001010000100001111111100000001000000001100000000010010011001011000000001111 22 001 
0110000000001000000000100000100010000000101111100000100011000010010100001000010000011110000000000000 07 100 
0001000010000000010000000000000000000100000111110000100000000110000100111000010000011101000000000100 09 010 
0000000000000001100000001001000000100000001111100000101000000000000000000010000000000000000000000000 03 001 
0000100000001000000000100001100010000010000111100000100000000010000101010000010000111110000000010100 11 100 
0010000000100110010010000000001000100100010111110000100001111000000100101001000010111111001010000000 20 010 
0000000010000001110000001000000000100100111111100000101000100000000010000010000001001000000000000000 11 001 
0000110000000100000010110011001010010110000111100000100111010010011101011110110000101010001000000000 26 100 
0010001000000010111100001100000100010001010111111001110011001010000010101000010000011101010010000100 26 010 
0010001000000001010000001001001000101101001111100101001010100000100100000110001000011010100001111011 24 001 
0000001011001000010000100000000010000000001101100000100001000010000100001000010000101110000000100000 07 100 
0000001000000000010010000001000000001100000111111000100001000010100100001000011000011111000000000000 06 010 
0000001010000001100000001001001000100000001111100000001010000000100000000010000000001100000000000000 05 001 
0100110001001000100000100000000010001000001111000011101101000010100101001000011000111110001010100000 17 100 
0010000010000010010100000011000000001100000011110000100001000000000100001000010100011111010000010000 11 010 
0000000011000001000001001001000001001000001111100101000000000000100100110010000000001000000100000010 15 001 
0000000000001000000000000001000000000000100110110001100011010010101110010011010000001001001101001101 28 100 
1001000100000000010000000011100000101110001011110000100110000111000000110001010000111111001000011101 26 010 
0001000000011101111000011001000000100100000111000000000101011010010000001010001100001000000000100000 22 001 
