0000000000001000000000100000000010000000001111100000100001000010000100001000010000111110000000000000 00 100
0000000000000000010000000001000000000100000111110000100001000010000100001000010000011111000000000000 00 010
0000000000000001100000001001000000100000001111100000001000000000100000000010000000001000000000000000 00 001
0000000000001000000000100000000010000000001111100000100001000010000100001000010000111110000000000000 00 100
0000000000000000010000000001000000000100000111110000100001000010000100001000010000011111000000000000 00 010
0000000000000001100000001001000000100000001111100000001000000000100000000010000000001000000000000000 00 001
0000000000001000000000100000000010000000001111100000100001000010000100001000010000111110000000000000 00 100
0000000000000000010000000001000000000100000111110000100001000010000100001000010000011111000000000000 00 010
0000000000000001100000001001000000100000001111100000001000000000100000000010000000001000000000000000 00 001
0000000000000001100000001001000000100000001111100000001000000000100000000010000000001000000000000000 00 001
0000000000001000000000100000000000000000000111100000110001001010000111001000011000111100000000000000 08 100 
0000010000000000010000000001000000000101000111100000100001000010000100001000010000011111000000000000 03 010 
0100001000000101101000001001000000100000001111000000001000000000100000000010000000001000000000001000 06 001 
0000010100011000101000111000000000000000101111100000101001000000000100001000010000110110000000000000 12 100 
0111000000000010010000010001000000010100000101110000100000001010000000001000011000011110000010000110 15 010 
0010001001010001101010101001100000110000001111101000001100000010001001000010100000001000101110000000 20 001 
1010001000110000000101100110000010000010011101001000110011000010000100001000000001001000000110000000 25 100 
0100010100000001011100101001101101001100000111111000000001000100001100101001010000011111000011100000 23 010 
1000001001001001100000111101100000100011010111100000000010001001110110010000010101000000001101101000 30 001 
0000000000101000000000100000000010000010001101110000100001000010000100001000010000111110000000000000 04 100 
0000000010000000010000000001000000000101001111110000100001000010000100001000010000011111000000010100 05 010 
0000000000000001110000001001000000100000001101100001001001000000100000100001100000001000001000000000 09 001 
0000000010000000000001100000000001000001101111100000100000001110001100001000010010101011000000000010 16 100 
0000001000000010010000000001000000000100010111110000100001000000000100001000110101011111000001001110 11 010 
0100010000011001100000001001000110100000011111110001001000000001100001010110000010011001100000000010 18 001 
1100000000101100101010100000000010001011001101000001000100000010101101100100000001111110101001011000 29 100 
0011100010010100011010000001110111000010000111110010000101011100010000111000010000111111000000000111 30 010 
1011000101000100100100100001000000101100101101101011000000001000100000100010101000101000000100000011 26 001 
0100000000001000100000100000000110001000001111100000100001001010000100001000010000111100000000100100 08 100 
0000000000000010010000000001000000000100000111110000100001000010000100001000010000011111000000000000 01 010 
0000001000000001100000001001010001100000001111101000101000000000100100000010100001001000000000000010 09 001 
0000000000011001010000010000010010110100001011100000100101000010000100001000010001110010100000011000 17 100 
0000000010000000010010001001000000000000000111100010110001001010000000001000000000011111000000000001 11 010 
0000000010001001100100011001100001100000011111100010001010001000100011100010000000001001000000000000 14 001 
0110101000001100001000100000100010110001001010000000100011000010000100110000011100111110000001010010 22 100 
0010000100001000010010000000000100011001000110110011010001000010000100001000110010101101000000010100 22 010 
0010010011000001100000001001001111101000000111110001101100000010001001000110100000101001000000100110 25 001 
0000000000011000010000000000010010010000001001100000100001000010000100001000100000111110000000000000 09 100 
0000000000000000000000000001001000000101000111000000100001000010000100001000010000011111000000000000 05 010 
0000001000000001100000001001000000100000001111100000001010000000000001000010000000001000000000000000 04 001 
0000010001000010010100000000000010000110101111100001000011000010000100000001110010111110000010100000 19 100 
0000000000000000010000100010000000100110000110010001100000100010010100101000000000010111000000000000 14 010 
0001001010100000100000001001000010100000000101100000100000000100100000000010000000001010000000010000 13 001 
0000000000001110110100010100111010100000001111111000101001000000101100011000001100101110010000000000 24 100 
1000111001000000000001000001000010111100010111110000000000010011101111001010010000011011000100101010 26 010 
0000000000000001001110001000110001001001001010100100001100001011100000000011010010000000000010000000 23 001 
0000000000001000001000100000000010000000001111100000100001000010000100001000010000111111000000000000 02 100 
0010000000000000010000000101000000000100000111010000100001000010000100001000010000011111000000100000 04 010 
0000010000010001100001001001000000100000001111100000001000000000101000000010000000011000000000000001 06 001 
0000001000001000000000000001111010000001011011100100100001000011100101111000011000111110000100000100 18 100 
0000000000000100010100001001100000000100010111110001100010000010000000001001010010011011010001000100 15 010 
1010000110100001110000001001010000100000001111100000101001011000100100000010001000101000000001000001 16 001 
0101010000001000000100101100111010000110101001100000000001000100100100001010010000111000001000011000 24 100 
0100000000010001010000000110001000010101100111110011110011000010001000001000010000011010000110011010 23 010 
0000100100001011111001001001100000100001101111011001000000001000100010000111001110011001010010001000 27 001 
0000000000001000000000100000000010000000001101100000100011110010000100001000010110111100100000000110 10 100 
0000000000000110010000000001000000000100000111110000100001000010000100001000010000011111000000000000 02 010 
0000001000000001100000001001000001110000001011100100001000010000100000000010000000001000000100000000 07 001 
0000000000001100000000000000010010000000000111100100110011000010000100011000010000111010100000000100 11 100 
0000000000001000010000000001110000000101000100010010101001000010100100001000011000111111100000000000 13 010 
1000000100000000100000001000000000000000010111101000001000000000000100010010000000001001100000000010 14 001 
1100001010011100100000111101111010101000100101100101110001000010011110000000010010111110001011000000 30 100 
0001000000011000010000010000010100011100000101100000000111000111000100101000010100011111100000000011 21 010 
0101000001001101100001001101000101110000111101000001101000110010011100000010010010000001010000000001 29 001 
0000000000001000000000100000000010000000001111100000100001000010000100001000010000101110000000000000 01 100 
0000000000000010000000000001000000000100000110110000110001000010000100001000010000010011000000000001 07 010 
0000000001001001100000001011001000100000001111100001001000000100101010000010000000001000000001000000 09 001 
0001000000000100000100100011000010000100011111101000111001100110001100001000010000011110000000000000 15 100 
0010110000010000010000000001011000000100010111110000110001000010100101101010100000011111000000000000 14 010 
0000000000000000110000000001000000110000101110100000000000000000100000010000100010001100000100010100 15 001 
0000010001011100110000011000101011011101001110100000100011100111100100001000010000101111001101000000 27 100 
1001000100110101011100010001001000000010001111011010110101100010000110001000010001001110001001000010 27 010 
1000000010010101000000001000010001100100001101010010001000101000001010000010000100001000110101110000 25 001 
0000000000001000000000100000000010000000001111100000100001000010000100001000011000111100000000000000 02 100 
0000000100000100010010000001001000000100000101010000100001000010000100001000010000011111001000000000 07 010 
0000001000000001100000001001000000101000001111100000001000001000100000000010000000001010000000000000 04 001 
0110000100001010101010100000000010100000001111001010100001000100001100000001001000111111000001000000 20 100 
0100001010000000010000000001010001000100000110110000000000000011100010001000011000011111000010101010 17 010 
0000000000001011100000011001000000100000001111100000001000000000110000000010100100100001000000000101 11 001 
0100000000000000000001110100000110010001001001100111100000000000000100001101110000111110011011000000 22 100 
1011000000000110010100001001000011000100000000110100100101000010111101111000110000001101001000001101 27 010 
0000110101000010100001011001001011110010100011100111001001000000000000001001100011001000000000001011 30 001 
0010000011001000000100110001000010000000001111000001100001000010000100101000010000111110000000000010 10 100 
0000000000000000010000000001000000000100000111110000100001000010000100001000010000111111000000000000 01 010 
0000000000000001110000001001000000100001101111101000011000000000100000010010010000001001000010000001 10 001 
0010010000001000101001100000001010000000001111100000001011000010001100001000000000111101001000000000 14 100 
0001000000010000110000000001110100000100000111110000110001100010000100101100011000111011110000001000 16 010 
0100010100010001100000001001001000100100001000100000001100110100000010000010000000001000010000000000 16 001 
0011101000011001001001000000001010000000101111000000010111100100100110101001001000111110000010101001 29 100 
0000000010001011011000000000010001000001001111110010110010100010000100101110010001010010001100000101 27 010 
0001001101000101100100001101000100000000011100100000001010001000100000010011000000101011000000010001 21 001 
1000001000001000000000100000000010000010001111100000100001000010000100001000011000101110001000000000 06 100 
0000000000000000010000000001000000010100000111110000100011001010001100001000010010011111000000000000 05 010 
0000000000000001100000011001000010100000001111100000001000001000100000000010000000001000000000000000 03 001 
0000000100001000000000100000000011010100101111100100100011000000011000001000000010111111000000100100 16 100 
1000000000000000010000000001001000001100011011110000110000000010000110101010010000011011000000000001 13 010 
0101000000010001110010001101000000100100001111100000100000000001110000000010000111001000100100000000 16 001 
1000000000111000000001001100001101000000101110011000010001001001000000011001000000110111001000000110 30 100 
0010000101000010100000100001010001000100000111110000001011110011001100000000010000011101010110000000 21 010 
0100100000000110101100110001100100100100001011100000011110001000100000000000001001001111110101000000 28 001 
